1 0
0.99211 0.12533
0.96858 0.24869
0.92978 0.36812
0.87631 0.48175
0.80902 0.58779
0.72897 0.68455
0.63742 0.77051
0.53583 0.84433
0.42578 0.90483
0.30902 0.95106
0.18738 0.98229
0.062791 0.99803
-0.062791 0.99803
-0.18738 0.98229
-0.30902 0.95106
-0.42578 0.90483
-0.53583 0.84433
-0.63742 0.77051
-0.72897 0.68455
-0.80902 0.58779
-0.87631 0.48175
-0.92978 0.36812
-0.96858 0.24869
-0.99211 0.12533
-1 1.2246e-16
-0.99211 -0.12533
-0.96858 -0.24869
-0.92978 -0.36812
-0.87631 -0.48175
-0.80902 -0.58779
-0.72897 -0.68455
-0.63742 -0.77051
-0.53583 -0.84433
-0.42578 -0.90483
-0.30902 -0.95106
-0.18738 -0.98229
-0.062791 -0.99803
0.062791 -0.99803
0.18738 -0.98229
0.30902 -0.95106
0.42578 -0.90483
0.53583 -0.84433
0.63742 -0.77051
0.72897 -0.68455
0.80902 -0.58779
0.87631 -0.48175
0.92978 -0.36812
0.96858 -0.24869
0.99211 -0.12533
