0.53007 0.82849 0.18064
0.80327 -0.38897 -0.45106
-0.92114 0.040817 0.38709
0.80958 -0.51131 0.28833
0.6923 0.65919 0.29358
-0.85561 -0.39279 0.33712
-0.61541 0.69542 0.37102
0.27516 0.59379 -0.75611
0.90133 0.43119 -0.04089
0.99617 -0.069827 -0.052536
-0.52237 -0.82749 -0.20588
0.85011 -0.23518 0.47117
0.41015 0.7659 -0.49515
-0.053529 -0.91019 -0.41073
0.51299 0.6897 -0.51103
-0.17103 0.10351 -0.97981
-0.085334 0.98755 -0.13214
0.60122 -0.79139 -0.11061
0.67437 -0.09462 0.7323
0.75437 -0.64293 -0.13255
0.21192 0.91776 -0.33586
-0.55638 0.38024 0.73883
0.36132 0.69468 0.62199
0.833 -0.54069 -0.11733
0.29605 -0.28377 -0.91205
0.893 -0.23516 -0.38374
0.54803 0.82815 -0.11757
-0.61242 -0.56081 0.55717
0.36542 0.87235 -0.32475
-0.35116 -0.91519 0.19778
0.85963 -0.34239 0.37921
-0.60809 -0.43661 -0.66302
-0.5023 -0.74111 -0.44548
-0.66936 0.42003 -0.61281
-0.98109 0.093962 -0.16921
0.9758 0.022713 -0.21748
0.23688 -0.9715 0.0090829
-0.22744 0.33969 -0.91262
0.92193 0.2356 -0.30748
-0.80128 -0.14001 0.58168
-0.09539 0.021356 -0.99521
-0.24159 -0.26215 0.9343
0.17604 -0.96524 0.1932
0.73676 -0.67269 -0.068307
-0.71274 -0.68512 0.15036
-0.016276 -0.53034 -0.84763
-0.14078 -0.98741 -0.072185
0.34812 -0.2959 0.88953
0.47872 -0.87691 0.043064
0.75443 0.65578 0.028139
-0.69251 0.417 -0.58868
0.90326 -0.23385 -0.35979
-0.98179 -0.028117 0.18789
-0.77605 -0.55627 0.29717
-0.006314 0.93907 -0.34367
0.98468 -0.085589 -0.15192
-0.33758 -0.31339 0.8876
0.13973 0.50844 -0.84968
-0.10017 -0.099806 0.98995
0.85462 -0.45052 0.25819
-0.72244 -0.19486 0.6634
0.017429 -0.45392 -0.89087
0.39999 -0.8109 -0.42714
0.39742 0.91213 -0.10041
0.67051 0.71883 0.18355
0.050534 0.18086 -0.98221
-0.74323 -0.6264 0.23501
-0.44592 -0.51991 -0.72859
-0.98459 -0.16373 0.06139
0.91654 0.30861 0.25438
-0.40948 -0.886 0.21755
0.27957 -0.87071 0.4046
-0.10843 -0.81659 0.56694
0.77211 0.28979 -0.56557
-0.85288 0.43639 0.28664
-0.80133 0.25811 -0.53967
-0.73089 -0.066947 -0.6792
0.45979 0.173 0.87101
-0.34908 -0.93709 9.8105e-05
-0.22134 0.97322 -0.062003
0.65476 -0.62818 0.42033
0.3629 0.56631 0.74
0.21062 -0.90366 0.37288
0.77508 -0.16348 0.61035
-0.59676 0.41006 0.68973
0.5469 0.81576 0.18823
0.53647 -0.71799 -0.4435
-0.16926 0.87555 -0.45251
0.15632 0.47849 0.86407
-0.58573 -0.034096 -0.80979
-0.98563 -0.16762 -0.021003
0.053405 -0.11081 -0.99241
0.56143 -0.23562 0.79327
0.94866 0.0084558 0.31618
-0.99705 0.076683 0.0017374
0.22039 0.97184 -0.083338
-0.028262 0.52313 -0.85178
-0.93302 0.22537 0.28052
-0.19546 -0.093382 -0.97625
-0.59853 0.2085 -0.77349
