3.93424393477002 0.839501453568996 -1.99986986824827
-0.699752904321847 -5.30122312741681 1.47818597770096
1.08985395887133 4.26504388075603 1.95916437278981
-3.79582246067421 -4.5685801405403 0.487352830785893
0.22210049834532 -5.48575996522043 -1.33384499136012
0.0669479150135105 5.53221739237584 -1.28493906118797
4.23080117524214 4.19170307532106 -0.418735064305123
1.44064762503524 5.80042114842873 -0.304717640939437
3.39942819730061 4.91655262575644 -0.30020621879346
-5.88964923683522 -0.989327533383116 0.332522259616286
-1.35610542450298 -2.4214860476366 -1.58121914665269
-3.56883356607899 -4.80115771997185 -0.265633591335849
-2.36170200183885 -3.50603177782274 -1.98704399970222
-3.44588951666832 4.82272028742161 -0.53436611698321
2.40355861773849 -5.02362031916223 -1.24024694198932
-5.26297689520722 -0.163351984522284 -1.54870302145135
-2.22806743567943 0.00865077871171549 -0.927531402369376
-5.27100160282882 -2.80345826298327 0.344181771946972
-1.25206295422693 -4.84781155670396 -1.72805507031195
3.09070436211981 -2.93205444820905 -1.98300032727616
1.18465924691861 -5.5615684454268 1.07529430697239
1.524434617255 5.5662499466469 -0.928849599693027
0.531444336499526 -5.28590540250915 -1.50904017279974
-1.05818046663671 -3.0993836618095 1.86398535560302
-2.13674120621169 3.21457050829169 1.99508967813484
1.59982690377478 -1.79241759459876 1.20338156985082
-5.62095102955773 1.46730736738121 0.852289695685949
5.46278484833857 0.824621000793913 -1.29436103701564
4.45216417009617 -1.08292603395832 -1.91345371998111
4.2230013997803 0.525112505394201 1.98360971926721
-5.88154627595905 0.0143024107287437 -0.678025199702752
-3.13885706955706 -1.74569494189805 -1.95786662691682
-4.38605058835961 0.505349751746768 -1.95645578599234
3.14429532737524 -0.385515401728689 -1.81865638279686
0.869510493324632 -5.92940425929796 -0.169325630473395
-3.15236245623102 -5.10513871326304 -0.00752025017976697
1.72659405958876 1.44112540405959 0.966423539125407
3.85445522786407 -4.52908961266462 0.456417807372578
2.19732709524795 -2.63563055142013 -1.9174832188843
4.40415200715715 -3.3805980574033 1.2614332242783
-3.29591328373684 -4.56768280216608 -1.15518261179898
2.03196580057762 0.984714287131649 0.98255944935971
4.02893942278988 0.259030412312045 1.99965293608627
2.79352083248735 1.23746253080721 1.76284091678788
0.879640536793089 -4.26766104066178 -1.96781214542517
0.230390140500005 2.40237258867133 -1.21765488567697
2.16262291213579 5.27822117319212 1.04694937727379
1.60211311172833 -3.6984752322364 1.99976637230565
-2.94990668750157 3.4480137233926 -1.92636329203826
-4.89181257590315 1.88764229372468 -1.5665275531614
3.41314822118348 -3.62410937165249 1.74438366063452
3.99540927811521 -4.26963708684211 -0.766025020505601
-4.85602291772905 -0.238998246668551 1.80475126433583
1.89984825910394 2.79417226170361 -1.90110716993176
1.29142107940052 1.52968643177888 -0.0877585465014654
0.714739572857498 2.37041374102636 1.29494917203909
5.78207643730954 -1.06324716981316 0.685036809482248
3.97539886521224 -3.12960337793816 -1.69632785323618
4.22321685469506 3.72912243800484 -1.15328052128956
-4.5179267681208 2.14602752543315 1.73106278860536
-1.64694813661703 2.45485208301443 1.70597386908979
0.139597800440967 2.00225250649998 -0.168527314624681
-3.98949110528598 -3.873901691814 1.25048749031408
1.99175473021907 -0.244341338195828 0.163401908688941
4.84395286378374 -0.969108108210529 1.76536247771506
-4.60726394632633 -3.09507235720092 -1.26349656900064
2.46361138686082 1.29085001572481 -1.58580896975637
-2.53469051836798 5.43814717181946 0.0251612375385729
3.89668665410783 4.56005173403956 0.0851561770105761
-3.99653956496386 3.45588370595194 -1.53382080673406
2.45711931892458 -0.128803726929407 1.27668248292071
0.100253722594338 5.99786255730297 -0.0720891963822128
-1.90590068971874 3.76305539885958 1.98806374219668
-1.99495036314079 -0.481717255669069 -0.454324533348012
-4.064533636279 -4.40461965979649 0.162075531349206
1.46588569803804 -5.60818283140259 -0.87877164320262
4.87876729532225 1.15085775963577 1.7246747025248
1.62796533485494 -3.17712005827675 -1.95321153809084
-1.28002218385435 -2.90992571540168 1.82372710513936
-4.8760051861115 3.28243819618294 -0.688079700694577
4.66942724698965 2.96803026192632 1.28463253354733
1.33444930226821 -5.73241895710344 -0.666454744017531
2.64488599977842 0.852244618986578 1.58388018800503
-5.39575290378064 2.4711605903132 0.506849878543291
-0.177857295847237 2.42009610523932 1.23470008183249
-3.3844297025705 3.37432472523152 -1.84198253922218
3.88098991019603 -0.961720399226226 -1.99999933843758
3.54620708732397 2.02837976519654 1.99817893152377
2.85406173127622 -3.9478630932222 1.80014645646318
-5.34596973970887 2.58626072132849 -0.491374675718088
-0.111135757124619 -5.54519502591444 1.26843593798012
5.11680717578839 1.13526269006403 -1.56822747003871
4.72344290117744 -3.6883524384266 0.168367300683912
-1.35826244085483 -1.60219798307753 0.625885321655396
1.65922212978647 -5.59811353649113 0.786586056127216
-2.88875020469242 0.646235021559917 -1.70842479746225
-2.0086873618286 0.25483139414605 0.313903055161126
0.310121562910992 -3.10774365948726 -1.79754962240873
-5.91343641499258 0.793844966856873 0.364615397122168
2.9354109504149 -4.91859792815373 -1.00709459880249
-3.86710849207994 -1.57904965003369 -1.99214600420937
-1.28858470826978 4.25782183181247 1.949054375934
0.301172827825361 3.64420857415928 -1.97030422944692
2.57600995002831 -3.09813819369194 -1.99978712770943
2.55968778046084 -5.06892143885712 1.08740942645171
-5.50151013471128 -1.84694608249662 -0.865016944945789
5.32786473807273 2.08043583818297 -1.02118360612596
-4.41609609755566 0.214079448495876 1.95512696636291
-2.05570949728981 -2.61576178413048 -1.88332515956163
-4.47885774361348 1.65759024134321 1.84342467463812
5.44625949402686 0.543305870199404 -1.35255724684402
-1.20474812712117 -1.62414829833212 -0.297137072896216
-4.53470020493048 -2.00360233416387 -1.75584083343147
1.62251188505372 2.61439735432458 1.77425415592449
5.24407527698437 -2.89791561173344 0.184043086720712
1.37386649250989 5.84058993924182 -8.63823867177096e-05
-3.59873684569869 -4.05761234049188 1.40479357147842
-2.3910171276772 5.42274100611893 -0.537309548812373
3.88111458368669 -2.78195992628999 -1.84366340869674
-3.07575621088533 -0.162757372702096 1.77586862946989
-2.54189629866735 -2.69192898494965 -1.9777336619021
5.20850442625685 1.39416512995715 -1.43621381440871
-5.82887293532262 1.37279412480428 0.215565227436337
-1.6714395170977 1.34199933189862 0.74396038326569
-4.59069440739968 0.403386853547908 -1.90522172780351
-1.64081182906674 -5.7460101889835 0.310870662045961
5.49748691344962 -1.17599360195732 -1.17028469122426
-2.46339757638042 -5.34222148473682 0.674508004419094
-2.22469974125736 3.23852641806075 1.99874071435193
-0.848016241928497 2.74850942938472 1.65451768424931
-0.369328540805464 -5.46659519784054 -1.34625039116541
3.98745129922269 -0.705925919363625 1.99938841610706
-5.46922978792228 1.0865198995565 -1.23120999426065
0.899835454451213 5.08886412318323 1.623645261843
-1.67408075913947 -5.21733133535909 1.34594695032532
4.99735140436005 -0.215318740929113 1.73090155547536
-0.0106956433195982 5.99041898754634 -0.195433476325809
-1.61779008877124 2.68341798304186 -1.8024827178658
-0.146445462442851 -5.84591644597353 0.765387654378749
-4.33174646529052 1.84772792032295 1.86997331843674
5.68535489215786 -0.771797545541885 0.990497876114097
1.92242447118594 2.15063606010494 -1.66008916779795
-2.54885147083125 2.98007278781634 1.99845541301983
0.808106221678347 2.32472052104632 -1.2774992584808
0.882442569046166 3.8114939444844 -1.99807681145014
1.12996020792159 2.13727325883857 1.22310354739483
5.49759079757826 0.116522482118386 1.32420620357147
1.58589597643386 -1.22470665370538 -0.122247561498455
-3.58164958065121 -1.27685023269307 -1.99021872682266
5.92892175806478 0.305762391362706 -0.498801186662373
-2.56032845840087 -4.12646941894708 1.8074455120001
-1.17028213795457 -2.60123675100637 -1.63796723177431
2.39852427384394 -0.819100505583912 -1.36102859669987
-2.63257955711284 5.37512484628797 -0.242980662790602
1.73097771682276 1.32785198793488 -0.832767447578502
-1.74084411870574 -5.12178564840422 1.41886223067448
1.20175891731037 -1.96592648486106 -1.06022693844792
-0.910266883871891 2.20347814734246 -1.17849316294123
2.51594221068375 3.65711059324075 1.95123254899999
-2.04701082258195 0.156215382014169 -0.457215946515967
3.58071169632347 -3.43309635427579 -1.75420333662023
-5.99313015384254 -0.115361014725757 -0.151675583536923
4.7254767978156 -1.28777089671027 -1.78716194734704
3.39037655027071 1.88253734289745 1.99627329394439
0.550420218342882 -5.96723097206462 -0.172318970564908
3.04525173782198 0.112181651417926 -1.75852088919824
1.38135333342871 -1.64993035557946 -0.764393611049168
0.516972473102904 -2.85137006874406 1.66891567190023
3.29673312138188 -4.90216311579733 0.600907459575933
-1.31245901243575 3.17717223799205 -1.91929318604153
1.73619247695733 -3.69319436483594 1.99836161884607
-3.84079809644393 0.636468526234306 -1.99714514015084
1.35474121185296 1.62105664317478 0.661652059883987
3.11740942498263 3.03360207880603 -1.96916785009084
-3.69594469171076 0.374719082336058 1.9795740325379
5.6418115066542 -0.88867319205937 1.03498974930154
1.56294184098529 2.81090808009272 1.84001888569485
-1.59438771737894 3.97742664551594 -1.97957666804407
-5.2219590153101 1.85425809598287 -1.27439469717785
2.89644576176837 1.49049051531137 1.85704464944452
-3.54252492007907 3.48842390817611 -1.74804062178091
-5.61402497012465 -2.11419899003622 0.0655336010577978
3.79946910866677 2.3873256836822 1.93974245918889
0.785563398968161 -1.89043798668297 0.43176085020614
-5.2969957861715 0.78493981838245 1.47119433160461
-5.7649649861443 1.65986052085663 0.0578514163565771
2.57236636612056 -4.1093370592237 1.81129464323302
5.90279938897161 0.963989767308203 0.275052008326739
-4.22167941043048 4.18990973369921 -0.453379044131182
5.93279407865342 0.895518660217618 0.000499832289103958
5.30126453708603 -1.12982733745046 -1.40807630692344
0.255934588987917 3.84072590952535 -1.99431005005831
-2.3393935867303 0.012431672079598 -1.11467306523181
3.20049732668406 3.57733284695691 -1.83300784462596
1.47201104411283 -1.86742854790231 1.16986547130891
-5.93221888660657 0.253361779488478 -0.495582512775684
3.17872743328608 -4.97567958176604 -0.61101499801351
0.604455457126743 -5.15892292903335 -1.60432369127957
-1.48153388774417 4.62344598764513 1.8080223948603
5.41039880784416 -0.511898911210921 -1.39356882834466
